layout_spectrum: 0.5354457
color:
  saturation: 0.7970922
  brandStrength: 0.3843911
  lightness: 0
  rhythmicContrast: 0.1452326
typography_spectrum: 0.3517723
name: AF Construction
